142,135
143,134
143,134
143,134
143,134
143,134
143,134
143,134
143,134
143,134
143,134
144,134
144,134
144,134
144,134
144,134
144,134
144,134
144,134
144,134
145,134
145,134
145,134
145,134
146,133
146,133
146,133
147,133
147,133
147,133
148,133
148,133
148,132.524783714516
148,132.524783714516
148,132
149,132
149,132
149,132
149,132
150,132
150,132
150,132
151,132
151,132
152,132
152,132
152,132
152,132
153,132
153,132
153,131
153,131
153.778859695713,131
153.778859695713,131
154,131
154,131
154,131
155,131
155,131
156,131
156,131
156,131
156,131
156,131
157,131
157,131
157,131
157,131
158,131
158,130
158,130
158,130
158,130
158,130
158,130
158,130
158,130
158,130
158,130
158,130
158,130
158,130
158,130
158,130
158,130
158,130
158,130
158,130
158,130
158,130
158,130
158,130
158,130
158,130
158,130
158,130
158,130
158,130
158,130
158,130
158,130
158,130
158,130
158,130
158,130
158,130
158,130
158,130
158,130
158,130
158,130
158,130
158,130
158,130
158,130
158,130
158,130
158,130
158,130
158,130
158,130
158,130
158,130
158,130
158,130
158,131
158.765445286868,131.765445286868
158.765445286868,131.765445286868
159,132
159,133
159,133
159,134
159,135
159,136
159,137
160,138
160,138.557719391427
160,138.557719391427
160,139
160,139
160,140
160,141
160,141
160,141
160,141
160,142
160,142
160,142
160,142
160,142
160,142
160,142
160,142
160,142
160,142
160,142
160,142
160,142
160,142
160,142
160,142
161,142
161,143
162,144
162,144
162,144.447149239283
162,144.447149239283
162,146
163,146
164,147
164,147
165,148
165,149
165.652210917295,149.652210917295
165.652210917295,149.652210917295
166,150
166,151
167,151
168,152
169,154
169.82131430758,154.82131430758
169.82131430758,154.82131430758
170,155
170,156
172,158
173,160
173.697524479051,160.697524479051
173.697524479051,160.697524479051
174,161
174,163
175,163
175,164
176,164
176,164
176,164
176,165
176.875878426218,165
176.875878426218,165
177,165
177,166
178,167
180,168
181,169
181.788442964958,169.788442964958
181.788442964958,169.788442964958
182,170
183,171
185,172
187.790842331111,173.860561554074
187.790842331111,173.860561554074
188,174
191,175
193,176
194,177
194.23970797691,177
194.23970797691,177
195,177
197,179
198,179
199,180
199,180
200,180
200.21263457516,180.21263457516
200.21263457516,180.21263457516
201,181
202,181
203,182
205,183
206,184
206.112380702998,184.056190351499
206.112380702998,184.056190351499
208,185
209,186
211,187
212.463760780329,187.48792026011
212.463760780329,187.48792026011
214,188
215,189
216,190
218,191
218.619809986304,191
218.619809986304,191
219,191
222,192
225,193
225.535670723988,193.267835361994
225.535670723988,193.267835361994
227,194
229,195
230,195
232.305685135154,195.768561711718
232.305685135154,195.768561711718
233,196
235,196
236,197
239,197
239.111410131615,197.111410131615
239.111410131615,197.111410131615
241,199
244,199
245.632774004599,199
245.632774004599,199
246,199
248,200
250,200
252,201
252.464281459829,201
252.464281459829,201
254,201
256,201
259.694754315035,201.738950863007
259.694754315035,201.738950863007
261,202
262,202
264,202
266,202
266.972548766696,202
266.972548766696,202
267,202
269,202
270,202
272,203
273,203
274,203
274.040124199426,203
274.040124199426,203
276,203
277,203
278,203
278,203
279,203
280,203
280.950187189126,202.049812810874
280.950187189126,202.049812810874
281,202
282,202
284,201
285,201
285,201
285,201
285,201
285,201
286,201
287.997129480012,201
287.997129480012,201
288,201
288,201
289,201
289,201
290,201
290,201
290,201
290,201
290,201
290,201
290,201
290,201
291,203
292,205
292,205
292,205.828636935243
292,205.828636935243
292,207
292,209
292,211
292,213
292,213.132280345472
292,213.132280345472
292,214
292,216
290,217
288.444467061601,218.555532938399
288.444467061601,218.555532938399
287,220
284,222
282.622701135513,222.918199242991
282.622701135513,222.918199242991
281,224
276.211774047585,226.394112976208
276.211774047585,226.394112976208
275,227
269.532154347357,229.343362422561
269.532154347357,229.343362422561
268,230
265,232
263.114117264753,232.754353094099
263.114117264753,232.754353094099
260,234
256.253045847215,235.248984717595
256.253045847215,235.248984717595
254,236
249.071275439765,236
249.071275439765,236
249,236
245,236
241.767632029535,236
241.767632029535,236
236,236
234.473383272454,235.830375919162
234.473383272454,235.830375919162
227.214410883171,235.023823431463
227.214410883171,235.023823431463
227,235
222,235
220.132513783994,234.066256891997
220.132513783994,234.066256891997
220,234
215,233
212.964199572387,232.709171367484
212.964199572387,232.709171367484
208,232
205.779300567712,231.444825141928
205.779300567712,231.444825141928
204,231
198.811098562889,229.27036618763
198.811098562889,229.27036618763
198,229
192.01255979531,226.605023918124
192.01255979531,226.605023918124
188,225
186,225
185.182939714934,224.455293143289
185.182939714934,224.455293143289
183,223
178.410807535376,222.082161507075
178.410807535376,222.082161507075
178,222
175,221
172,219
171.902757161533,218.935171441022
171.902757161533,218.935171441022
166,215
165.851923209034,214.851923209034
165.851923209034,214.851923209034
163,212
160.383668056667,210.0377510425
160.383668056667,210.0377510425
159,209
157,206
155.60805530628,204.60805530628
155.60805530628,204.60805530628
154,203
153,202
150.830822265198,199.107763020264
150.830822265198,199.107763020264
150,198
147,194
146.589037701829,193.178075403658
146.589037701829,193.178075403658
146,192
142.827153359843,186.923445375749
142.827153359843,186.923445375749
141,184
139.433858047946,180.476180607878
139.433858047946,180.476180607878
137,175
136.513120581751,173.782801454377
136.513120581751,173.782801454377
133.800615515777,167.001538789441
133.800615515777,167.001538789441
133,165
131.192444556249,160.179852149996
131.192444556249,160.179852149996
130,157
129.052277535394,153.209110141578
129.052277535394,153.209110141578
129,153
129,149
129,147
128.655913323597,145.967739970791
128.655913323597,145.967739970791
128,144
128,144
128,144
128,144
128,143
132,142
132.10187223364,141.969438329908
132.10187223364,141.969438329908
139.09749386984,139.870751839048
139.09749386984,139.870751839048
142,139
146.145746855858,137.963563286035
146.145746855858,137.963563286035
150,137
152,136
152,136
152,136
152,136
152,136
152,136
152,136
152,136
152,136
152,136
152,136
152,136
152,135
151.97005252618,134.910157578541
151.97005252618,134.910157578541
151,132
151,130
150,128
